# x F F/kT gamma mass
  -1.8000  50.1760  50.1760  50.0000   1.0000
  -1.7964  49.5971  49.5971  50.0000   1.0000
  -1.7928  49.0227  49.0227  50.0000   1.0000
  -1.7892  48.4527  48.4527  50.0000   1.0000
  -1.7856  47.8873  47.8873  50.0000   1.0000
  -1.7820  47.3263  47.3263  50.0000   1.0000
  -1.7784  46.7697  46.7697  50.0000   1.0000
  -1.7748  46.2175  46.2175  50.0000   1.0000
  -1.7712  45.6697  45.6697  50.0000   1.0000
  -1.7676  45.1263  45.1263  50.0000   1.0000
  -1.7640  44.5872  44.5872  50.0000   1.0000
  -1.7604  44.0525  44.0525  50.0000   1.0000
  -1.7568  43.5221  43.5221  50.0000   1.0000
  -1.7532  42.9959  42.9959  50.0000   1.0000
  -1.7495  42.4741  42.4741  50.0000   1.0000
  -1.7459  41.9564  41.9564  50.0000   1.0000
  -1.7423  41.4431  41.4431  50.0000   1.0000
  -1.7387  40.9339  40.9339  50.0000   1.0000
  -1.7351  40.4289  40.4289  50.0000   1.0000
  -1.7315  39.9281  39.9281  50.0000   1.0000
  -1.7279  39.4314  39.4314  50.0000   1.0000
  -1.7243  38.9389  38.9389  50.0000   1.0000
  -1.7207  38.4505  38.4505  50.0000   1.0000
  -1.7171  37.9662  37.9662  50.0000   1.0000
  -1.7135  37.4859  37.4859  50.0000   1.0000
  -1.7099  37.0098  37.0098  50.0000   1.0000
  -1.7063  36.5376  36.5376  50.0000   1.0000
  -1.7027  36.0695  36.0695  50.0000   1.0000
  -1.6991  35.6053  35.6053  50.0000   1.0000
  -1.6955  35.1452  35.1452  50.0000   1.0000
  -1.6919  34.6890  34.6890  50.0000   1.0000
  -1.6883  34.2367  34.2367  50.0000   1.0000
  -1.6847  33.7884  33.7884  50.0000   1.0000
  -1.6811  33.3440  33.3440  50.0000   1.0000
  -1.6775  32.9034  32.9034  50.0000   1.0000
  -1.6739  32.4668  32.4668  50.0000   1.0000
  -1.6703  32.0339  32.0339  50.0000   1.0000
  -1.6667  31.6049  31.6049  50.0000   1.0000
  -1.6631  31.1797  31.1797  50.0000   1.0000
  -1.6595  30.7583  30.7583  50.0000   1.0000
  -1.6559  30.3407  30.3407  50.0000   1.0000
  -1.6523  29.9268  29.9268  50.0000   1.0000
  -1.6486  29.5167  29.5167  50.0000   1.0000
  -1.6450  29.1103  29.1103  50.0000   1.0000
  -1.6414  28.7075  28.7075  50.0000   1.0000
  -1.6378  28.3085  28.3085  50.0000   1.0000
  -1.6342  27.9131  27.9131  50.0000   1.0000
  -1.6306  27.5214  27.5214  50.0000   1.0000
  -1.6270  27.1332  27.1332  50.0000   1.0000
  -1.6234  26.7487  26.7487  50.0000   1.0000
  -1.6198  26.3678  26.3678  50.0000   1.0000
  -1.6162  25.9904  25.9904  50.0000   1.0000
  -1.6126  25.6166  25.6166  50.0000   1.0000
  -1.6090  25.2463  25.2463  50.0000   1.0000
  -1.6054  24.8796  24.8796  50.0000   1.0000
  -1.6018  24.5163  24.5163  50.0000   1.0000
  -1.5982  24.1565  24.1565  50.0000   1.0000
  -1.5946  23.8002  23.8002  50.0000   1.0000
  -1.5910  23.4473  23.4473  50.0000   1.0000
  -1.5874  23.0979  23.0979  50.0000   1.0000
  -1.5838  22.7518  22.7518  50.0000   1.0000
  -1.5802  22.4092  22.4092  50.0000   1.0000
  -1.5766  22.0699  22.0699  50.0000   1.0000
  -1.5730  21.7340  21.7340  50.0000   1.0000
  -1.5694  21.4014  21.4014  50.0000   1.0000
  -1.5658  21.0721  21.0721  50.0000   1.0000
  -1.5622  20.7461  20.7461  50.0000   1.0000
  -1.5586  20.4234  20.4234  50.0000   1.0000
  -1.5550  20.1040  20.1040  50.0000   1.0000
  -1.5514  19.7878  19.7878  50.0000   1.0000
  -1.5477  19.4748  19.4748  50.0000   1.0000
  -1.5441  19.1651  19.1651  50.0000   1.0000
  -1.5405  18.8586  18.8586  50.0000   1.0000
  -1.5369  18.5552  18.5552  50.0000   1.0000
  -1.5333  18.2550  18.2550  50.0000   1.0000
  -1.5297  17.9580  17.9580  50.0000   1.0000
  -1.5261  17.6640  17.6640  50.0000   1.0000
  -1.5225  17.3732  17.3732  50.0000   1.0000
  -1.5189  17.0855  17.0855  50.0000   1.0000
  -1.5153  16.8008  16.8008  50.0000   1.0000
  -1.5117  16.5192  16.5192  50.0000   1.0000
  -1.5081  16.2407  16.2407  50.0000   1.0000
  -1.5045  15.9652  15.9652  50.0000   1.0000
  -1.5009  15.6927  15.6927  50.0000   1.0000
  -1.4973  15.4231  15.4231  50.0000   1.0000
  -1.4937  15.1566  15.1566  50.0000   1.0000
  -1.4901  14.8930  14.8930  50.0000   1.0000
  -1.4865  14.6323  14.6323  50.0000   1.0000
  -1.4829  14.3746  14.3746  50.0000   1.0000
  -1.4793  14.1198  14.1198  50.0000   1.0000
  -1.4757  13.8679  13.8679  50.0000   1.0000
  -1.4721  13.6188  13.6188  50.0000   1.0000
  -1.4685  13.3726  13.3726  50.0000   1.0000
  -1.4649  13.1292  13.1292  50.0000   1.0000
  -1.4613  12.8887  12.8887  50.0000   1.0000
  -1.4577  12.6510  12.6510  50.0000   1.0000
  -1.4541  12.4160  12.4160  50.0000   1.0000
  -1.4505  12.1839  12.1839  50.0000   1.0000
  -1.4468  11.9545  11.9545  50.0000   1.0000
  -1.4432  11.7278  11.7278  50.0000   1.0000
  -1.4396  11.5039  11.5039  50.0000   1.0000
  -1.4360  11.2827  11.2827  50.0000   1.0000
  -1.4324  11.0642  11.0642  50.0000   1.0000
  -1.4288  10.8483  10.8483  50.0000   1.0000
  -1.4252  10.6351  10.6351  50.0000   1.0000
  -1.4216  10.4246  10.4246  50.0000   1.0000
  -1.4180  10.2167  10.2167  50.0000   1.0000
  -1.4144  10.0114  10.0114  50.0000   1.0000
  -1.4108   9.8087   9.8087  50.0000   1.0000
  -1.4072   9.6086   9.6086  50.0000   1.0000
  -1.4036   9.4110   9.4110  50.0000   1.0000
  -1.4000   9.2160   9.2160  50.0000   1.0000
  -1.3964   9.0235   9.0235  50.0000   1.0000
  -1.3928   8.8336   8.8336  50.0000   1.0000
  -1.3892   8.6461   8.6461  50.0000   1.0000
  -1.3856   8.4612   8.4612  50.0000   1.0000
  -1.3820   8.2787   8.2787  50.0000   1.0000
  -1.3784   8.0987   8.0987  50.0000   1.0000
  -1.3748   7.9211   7.9211  50.0000   1.0000
  -1.3712   7.7459   7.7459  50.0000   1.0000
  -1.3676   7.5732   7.5732  50.0000   1.0000
  -1.3640   7.4028   7.4028  50.0000   1.0000
  -1.3604   7.2349   7.2349  50.0000   1.0000
  -1.3568   7.0693   7.0693  50.0000   1.0000
  -1.3532   6.9060   6.9060  50.0000   1.0000
  -1.3495   6.7451   6.7451  50.0000   1.0000
  -1.3459   6.5865   6.5865  50.0000   1.0000
  -1.3423   6.4302   6.4302  50.0000   1.0000
  -1.3387   6.2761   6.2761  50.0000   1.0000
  -1.3351   6.1244   6.1244  50.0000   1.0000
  -1.3315   5.9749   5.9749  50.0000   1.0000
  -1.3279   5.8277   5.8277  50.0000   1.0000
  -1.3243   5.6827   5.6827  50.0000   1.0000
  -1.3207   5.5399   5.5399  50.0000   1.0000
  -1.3171   5.3993   5.3993  50.0000   1.0000
  -1.3135   5.2609   5.2609  50.0000   1.0000
  -1.3099   5.1246   5.1246  50.0000   1.0000
  -1.3063   4.9905   4.9905  50.0000   1.0000
  -1.3027   4.8586   4.8586  50.0000   1.0000
  -1.2991   4.7287   4.7287  50.0000   1.0000
  -1.2955   4.6010   4.6010  50.0000   1.0000
  -1.2919   4.4754   4.4754  50.0000   1.0000
  -1.2883   4.3519   4.3519  50.0000   1.0000
  -1.2847   4.2304   4.2304  50.0000   1.0000
  -1.2811   4.1110   4.1110  50.0000   1.0000
  -1.2775   3.9936   3.9936  50.0000   1.0000
  -1.2739   3.8782   3.8782  50.0000   1.0000
  -1.2703   3.7649   3.7649  50.0000   1.0000
  -1.2667   3.6535   3.6535  50.0000   1.0000
  -1.2631   3.5442   3.5442  50.0000   1.0000
  -1.2595   3.4368   3.4368  50.0000   1.0000
  -1.2559   3.3313   3.3313  50.0000   1.0000
  -1.2523   3.2278   3.2278  50.0000   1.0000
  -1.2486   3.1262   3.1262  50.0000   1.0000
  -1.2450   3.0265   3.0265  50.0000   1.0000
  -1.2414   2.9287   2.9287  50.0000   1.0000
  -1.2378   2.8328   2.8328  50.0000   1.0000
  -1.2342   2.7388   2.7388  50.0000   1.0000
  -1.2306   2.6466   2.6466  50.0000   1.0000
  -1.2270   2.5563   2.5563  50.0000   1.0000
  -1.2234   2.4678   2.4678  50.0000   1.0000
  -1.2198   2.3811   2.3811  50.0000   1.0000
  -1.2162   2.2962   2.2962  50.0000   1.0000
  -1.2126   2.2130   2.2130  50.0000   1.0000
  -1.2090   2.1317   2.1317  50.0000   1.0000
  -1.2054   2.0521   2.0521  50.0000   1.0000
  -1.2018   1.9743   1.9743  50.0000   1.0000
  -1.1982   1.8982   1.8982  50.0000   1.0000
  -1.1946   1.8238   1.8238  50.0000   1.0000
  -1.1910   1.7511   1.7511  50.0000   1.0000
  -1.1874   1.6801   1.6801  50.0000   1.0000
  -1.1838   1.6108   1.6108  50.0000   1.0000
  -1.1802   1.5431   1.5431  50.0000   1.0000
  -1.1766   1.4771   1.4771  50.0000   1.0000
  -1.1730   1.4127   1.4127  50.0000   1.0000
  -1.1694   1.3500   1.3500  50.0000   1.0000
  -1.1658   1.2889   1.2889  50.0000   1.0000
  -1.1622   1.2294   1.2294  50.0000   1.0000
  -1.1586   1.1714   1.1714  50.0000   1.0000
  -1.1550   1.1150   1.1150  50.0000   1.0000
  -1.1514   1.0602   1.0602  50.0000   1.0000
  -1.1477   1.0070   1.0070  50.0000   1.0000
  -1.1441   0.9552   0.9552  50.0000   1.0000
  -1.1405   0.9050   0.9050  50.0000   1.0000
  -1.1369   0.8563   0.8563  50.0000   1.0000
  -1.1333   0.8091   0.8091  50.0000   1.0000
  -1.1297   0.7634   0.7634  50.0000   1.0000
  -1.1261   0.7191   0.7191  50.0000   1.0000
  -1.1225   0.6763   0.6763  50.0000   1.0000
  -1.1189   0.6349   0.6349  50.0000   1.0000
  -1.1153   0.5950   0.5950  50.0000   1.0000
  -1.1117   0.5565   0.5565  50.0000   1.0000
  -1.1081   0.5194   0.5194  50.0000   1.0000
  -1.1045   0.4837   0.4837  50.0000   1.0000
  -1.1009   0.4494   0.4494  50.0000   1.0000
  -1.0973   0.4164   0.4164  50.0000   1.0000
  -1.0937   0.3848   0.3848  50.0000   1.0000
  -1.0901   0.3546   0.3546  50.0000   1.0000
  -1.0865   0.3256   0.3256  50.0000   1.0000
  -1.0829   0.2980   0.2980  50.0000   1.0000
  -1.0793   0.2717   0.2717  50.0000   1.0000
  -1.0757   0.2467   0.2467  50.0000   1.0000
  -1.0721   0.2230   0.2230  50.0000   1.0000
  -1.0685   0.2006   0.2006  50.0000   1.0000
  -1.0649   0.1794   0.1794  50.0000   1.0000
  -1.0613   0.1595   0.1595  50.0000   1.0000
  -1.0577   0.1408   0.1408  50.0000   1.0000
  -1.0541   0.1233   0.1233  50.0000   1.0000
  -1.0505   0.1070   0.1070  50.0000   1.0000
  -1.0468   0.0919   0.0919  50.0000   1.0000
  -1.0432   0.0781   0.0781  50.0000   1.0000
  -1.0396   0.0654   0.0654  50.0000   1.0000
  -1.0360   0.0538   0.0538  50.0000   1.0000
  -1.0324   0.0435   0.0435  50.0000   1.0000
  -1.0288   0.0342   0.0342  50.0000   1.0000
  -1.0252   0.0261   0.0261  50.0000   1.0000
  -1.0216   0.0191   0.0191  50.0000   1.0000
  -1.0180   0.0132   0.0132  50.0000   1.0000
  -1.0144   0.0084   0.0084  50.0000   1.0000
  -1.0108   0.0047   0.0047  50.0000   1.0000
  -1.0072   0.0021   0.0021  50.0000   1.0000
  -1.0036   0.0005   0.0005  50.0000   1.0000
  -1.0000   0.0000   0.0000  50.0000   1.0000
  -0.9964   0.0005   0.0005  50.0000   1.0000
  -0.9928   0.0021   0.0021  50.0000   1.0000
  -0.9892   0.0046   0.0046  50.0000   1.0000
  -0.9856   0.0082   0.0082  50.0000   1.0000
  -0.9820   0.0128   0.0128  50.0000   1.0000
  -0.9784   0.0183   0.0183  50.0000   1.0000
  -0.9748   0.0248   0.0248  50.0000   1.0000
  -0.9712   0.0323   0.0323  50.0000   1.0000
  -0.9676   0.0407   0.0407  50.0000   1.0000
  -0.9640   0.0501   0.0501  50.0000   1.0000
  -0.9604   0.0604   0.0604  50.0000   1.0000
  -0.9568   0.0716   0.0716  50.0000   1.0000
  -0.9532   0.0837   0.0837  50.0000   1.0000
  -0.9495   0.0967   0.0967  50.0000   1.0000
  -0.9459   0.1106   0.1106  50.0000   1.0000
  -0.9423   0.1254   0.1254  50.0000   1.0000
  -0.9387   0.1411   0.1411  50.0000   1.0000
  -0.9351   0.1576   0.1576  50.0000   1.0000
  -0.9315   0.1749   0.1749  50.0000   1.0000
  -0.9279   0.1931   0.1931  50.0000   1.0000
  -0.9243   0.2121   0.2121  50.0000   1.0000
  -0.9207   0.2319   0.2319  50.0000   1.0000
  -0.9171   0.2525   0.2525  50.0000   1.0000
  -0.9135   0.2739   0.2739  50.0000   1.0000
  -0.9099   0.2961   0.2961  50.0000   1.0000
  -0.9063   0.3190   0.3190  50.0000   1.0000
  -0.9027   0.3427   0.3427  50.0000   1.0000
  -0.8991   0.3672   0.3672  50.0000   1.0000
  -0.8955   0.3924   0.3924  50.0000   1.0000
  -0.8919   0.4183   0.4183  50.0000   1.0000
  -0.8883   0.4450   0.4450  50.0000   1.0000
  -0.8847   0.4723   0.4723  50.0000   1.0000
  -0.8811   0.5004   0.5004  50.0000   1.0000
  -0.8775   0.5292   0.5292  50.0000   1.0000
  -0.8739   0.5586   0.5586  50.0000   1.0000
  -0.8703   0.5887   0.5887  50.0000   1.0000
  -0.8667   0.6195   0.6195  50.0000   1.0000
  -0.8631   0.6509   0.6509  50.0000   1.0000
  -0.8595   0.6829   0.6829  50.0000   1.0000
  -0.8559   0.7156   0.7156  50.0000   1.0000
  -0.8523   0.7489   0.7489  50.0000   1.0000
  -0.8486   0.7829   0.7829  50.0000   1.0000
  -0.8450   0.8174   0.8174  50.0000   1.0000
  -0.8414   0.8525   0.8525  50.0000   1.0000
  -0.8378   0.8882   0.8882  50.0000   1.0000
  -0.8342   0.9245   0.9245  50.0000   1.0000
  -0.8306   0.9613   0.9613  50.0000   1.0000
  -0.8270   0.9987   0.9987  50.0000   1.0000
  -0.8234   1.0367   1.0367  50.0000   1.0000
  -0.8198   1.0752   1.0752  50.0000   1.0000
  -0.8162   1.1142   1.1142  50.0000   1.0000
  -0.8126   1.1537   1.1537  50.0000   1.0000
  -0.8090   1.1937   1.1937  50.0000   1.0000
  -0.8054   1.2343   1.2343  50.0000   1.0000
  -0.8018   1.2753   1.2753  50.0000   1.0000
  -0.7982   1.3168   1.3168  50.0000   1.0000
  -0.7946   1.3588   1.3588  50.0000   1.0000
  -0.7910   1.4013   1.4013  50.0000   1.0000
  -0.7874   1.4442   1.4442  50.0000   1.0000
  -0.7838   1.4875   1.4875  50.0000   1.0000
  -0.7802   1.5313   1.5313  50.0000   1.0000
  -0.7766   1.5755   1.5755  50.0000   1.0000
  -0.7730   1.6202   1.6202  50.0000   1.0000
  -0.7694   1.6652   1.6652  50.0000   1.0000
  -0.7658   1.7107   1.7107  50.0000   1.0000
  -0.7622   1.7565   1.7565  50.0000   1.0000
  -0.7586   1.8028   1.8028  50.0000   1.0000
  -0.7550   1.8494   1.8494  50.0000   1.0000
  -0.7514   1.8964   1.8964  50.0000   1.0000
  -0.7477   1.9437   1.9437  50.0000   1.0000
  -0.7441   1.9914   1.9914  50.0000   1.0000
  -0.7405   2.0394   2.0394  50.0000   1.0000
  -0.7369   2.0878   2.0878  50.0000   1.0000
  -0.7333   2.1365   2.1365  50.0000   1.0000
  -0.7297   2.1855   2.1855  50.0000   1.0000
  -0.7261   2.2348   2.2348  50.0000   1.0000
  -0.7225   2.2845   2.2845  50.0000   1.0000
  -0.7189   2.3344   2.3344  50.0000   1.0000
  -0.7153   2.3846   2.3846  50.0000   1.0000
  -0.7117   2.4351   2.4351  50.0000   1.0000
  -0.7081   2.4858   2.4858  50.0000   1.0000
  -0.7045   2.5369   2.5369  50.0000   1.0000
  -0.7009   2.5881   2.5881  50.0000   1.0000
  -0.6973   2.6397   2.6397  50.0000   1.0000
  -0.6937   2.6914   2.6914  50.0000   1.0000
  -0.6901   2.7434   2.7434  50.0000   1.0000
  -0.6865   2.7956   2.7956  50.0000   1.0000
  -0.6829   2.8480   2.8480  50.0000   1.0000
  -0.6793   2.9007   2.9007  50.0000   1.0000
  -0.6757   2.9535   2.9535  50.0000   1.0000
  -0.6721   3.0065   3.0065  50.0000   1.0000
  -0.6685   3.0597   3.0597  50.0000   1.0000
  -0.6649   3.1131   3.1131  50.0000   1.0000
  -0.6613   3.1667   3.1667  50.0000   1.0000
  -0.6577   3.2204   3.2204  50.0000   1.0000
  -0.6541   3.2743   3.2743  50.0000   1.0000
  -0.6505   3.3283   3.3283  50.0000   1.0000
  -0.6468   3.3825   3.3825  50.0000   1.0000
  -0.6432   3.4368   3.4368  50.0000   1.0000
  -0.6396   3.4912   3.4912  50.0000   1.0000
  -0.6360   3.5457   3.5457  50.0000   1.0000
  -0.6324   3.6004   3.6004  50.0000   1.0000
  -0.6288   3.6551   3.6551  50.0000   1.0000
  -0.6252   3.7099   3.7099  50.0000   1.0000
  -0.6216   3.7649   3.7649  50.0000   1.0000
  -0.6180   3.8199   3.8199  50.0000   1.0000
  -0.6144   3.8750   3.8750  50.0000   1.0000
  -0.6108   3.9302   3.9302  50.0000   1.0000
  -0.6072   3.9854   3.9854  50.0000   1.0000
  -0.6036   4.0407   4.0407  50.0000   1.0000
  -0.6000   4.0960   4.0960  50.0000   1.0000
  -0.5964   4.1514   4.1514  50.0000   1.0000
  -0.5928   4.2068   4.2068  50.0000   1.0000
  -0.5892   4.2622   4.2622  50.0000   1.0000
  -0.5856   4.3177   4.3177  50.0000   1.0000
  -0.5820   4.3731   4.3731  50.0000   1.0000
  -0.5784   4.4286   4.4286  50.0000   1.0000
  -0.5748   4.4841   4.4841  50.0000   1.0000
  -0.5712   4.5396   4.5396  50.0000   1.0000
  -0.5676   4.5950   4.5950  50.0000   1.0000
  -0.5640   4.6505   4.6505  50.0000   1.0000
  -0.5604   4.7059   4.7059  50.0000   1.0000
  -0.5568   4.7613   4.7613  50.0000   1.0000
  -0.5532   4.8167   4.8167  50.0000   1.0000
  -0.5495   4.8720   4.8720  50.0000   1.0000
  -0.5459   4.9272   4.9272  50.0000   1.0000
  -0.5423   4.9825   4.9825  50.0000   1.0000
  -0.5387   5.0376   5.0376  50.0000   1.0000
  -0.5351   5.0927   5.0927  50.0000   1.0000
  -0.5315   5.1477   5.1477  50.0000   1.0000
  -0.5279   5.2026   5.2026  50.0000   1.0000
  -0.5243   5.2575   5.2575  50.0000   1.0000
  -0.5207   5.3122   5.3122  50.0000   1.0000
  -0.5171   5.3669   5.3669  50.0000   1.0000
  -0.5135   5.4214   5.4214  50.0000   1.0000
  -0.5099   5.4759   5.4759  50.0000   1.0000
  -0.5063   5.5302   5.5302  50.0000   1.0000
  -0.5027   5.5844   5.5844  50.0000   1.0000
  -0.4991   5.6385   5.6385  50.0000   1.0000
  -0.4955   5.6925   5.6925  50.0000   1.0000
  -0.4919   5.7463   5.7463  50.0000   1.0000
  -0.4883   5.8000   5.8000  50.0000   1.0000
  -0.4847   5.8535   5.8535  50.0000   1.0000
  -0.4811   5.9069   5.9069  50.0000   1.0000
  -0.4775   5.9601   5.9601  50.0000   1.0000
  -0.4739   6.0131   6.0131  50.0000   1.0000
  -0.4703   6.0660   6.0660  50.0000   1.0000
  -0.4667   6.1187   6.1187  50.0000   1.0000
  -0.4631   6.1712   6.1712  50.0000   1.0000
  -0.4595   6.2236   6.2236  50.0000   1.0000
  -0.4559   6.2757   6.2757  50.0000   1.0000
  -0.4523   6.3277   6.3277  50.0000   1.0000
  -0.4486   6.3794   6.3794  50.0000   1.0000
  -0.4450   6.4310   6.4310  50.0000   1.0000
  -0.4414   6.4823   6.4823  50.0000   1.0000
  -0.4378   6.5335   6.5335  50.0000   1.0000
  -0.4342   6.5844   6.5844  50.0000   1.0000
  -0.4306   6.6350   6.6350  50.0000   1.0000
  -0.4270   6.6855   6.6855  50.0000   1.0000
  -0.4234   6.7357   6.7357  50.0000   1.0000
  -0.4198   6.7857   6.7857  50.0000   1.0000
  -0.4162   6.8354   6.8354  50.0000   1.0000
  -0.4126   6.8849   6.8849  50.0000   1.0000
  -0.4090   6.9341   6.9341  50.0000   1.0000
  -0.4054   6.9831   6.9831  50.0000   1.0000
  -0.4018   7.0318   7.0318  50.0000   1.0000
  -0.3982   7.0802   7.0802  50.0000   1.0000
  -0.3946   7.1283   7.1283  50.0000   1.0000
  -0.3910   7.1762   7.1762  50.0000   1.0000
  -0.3874   7.2238   7.2238  50.0000   1.0000
  -0.3838   7.2711   7.2711  50.0000   1.0000
  -0.3802   7.3182   7.3182  50.0000   1.0000
  -0.3766   7.3649   7.3649  50.0000   1.0000
  -0.3730   7.4113   7.4113  50.0000   1.0000
  -0.3694   7.4575   7.4575  50.0000   1.0000
  -0.3658   7.5033   7.5033  50.0000   1.0000
  -0.3622   7.5488   7.5488  50.0000   1.0000
  -0.3586   7.5940   7.5940  50.0000   1.0000
  -0.3550   7.6389   7.6389  50.0000   1.0000
  -0.3514   7.6834   7.6834  50.0000   1.0000
  -0.3477   7.7277   7.7277  50.0000   1.0000
  -0.3441   7.7716   7.7716  50.0000   1.0000
  -0.3405   7.8151   7.8151  50.0000   1.0000
  -0.3369   7.8584   7.8584  50.0000   1.0000
  -0.3333   7.9012   7.9012  50.0000   1.0000
  -0.3297   7.9438   7.9438  50.0000   1.0000
  -0.3261   7.9860   7.9860  50.0000   1.0000
  -0.3225   8.0278   8.0278  50.0000   1.0000
  -0.3189   8.0693   8.0693  50.0000   1.0000
  -0.3153   8.1104   8.1104  50.0000   1.0000
  -0.3117   8.1511   8.1511  50.0000   1.0000
  -0.3081   8.1915   8.1915  50.0000   1.0000
  -0.3045   8.2315   8.2315  50.0000   1.0000
  -0.3009   8.2712   8.2712  50.0000   1.0000
  -0.2973   8.3104   8.3104  50.0000   1.0000
  -0.2937   8.3493   8.3493  50.0000   1.0000
  -0.2901   8.3878   8.3878  50.0000   1.0000
  -0.2865   8.4259   8.4259  50.0000   1.0000
  -0.2829   8.4636   8.4636  50.0000   1.0000
  -0.2793   8.5009   8.5009  50.0000   1.0000
  -0.2757   8.5378   8.5378  50.0000   1.0000
  -0.2721   8.5743   8.5743  50.0000   1.0000
  -0.2685   8.6104   8.6104  50.0000   1.0000
  -0.2649   8.6461   8.6461  50.0000   1.0000
  -0.2613   8.6814   8.6814  50.0000   1.0000
  -0.2577   8.7163   8.7163  50.0000   1.0000
  -0.2541   8.7508   8.7508  50.0000   1.0000
  -0.2505   8.7848   8.7848  50.0000   1.0000
  -0.2468   8.8185   8.8185  50.0000   1.0000
  -0.2432   8.8517   8.8517  50.0000   1.0000
  -0.2396   8.8844   8.8844  50.0000   1.0000
  -0.2360   8.9168   8.9168  50.0000   1.0000
  -0.2324   8.9487   8.9487  50.0000   1.0000
  -0.2288   8.9802   8.9802  50.0000   1.0000
  -0.2252   9.0112   9.0112  50.0000   1.0000
  -0.2216   9.0418   9.0418  50.0000   1.0000
  -0.2180   9.0720   9.0720  50.0000   1.0000
  -0.2144   9.1017   9.1017  50.0000   1.0000
  -0.2108   9.1309   9.1309  50.0000   1.0000
  -0.2072   9.1597   9.1597  50.0000   1.0000
  -0.2036   9.1881   9.1881  50.0000   1.0000
  -0.2000   9.2160   9.2160  50.0000   1.0000
  -0.1964   9.2434   9.2434  50.0000   1.0000
  -0.1928   9.2704   9.2704  50.0000   1.0000
  -0.1892   9.2970   9.2970  50.0000   1.0000
  -0.1856   9.3230   9.3230  50.0000   1.0000
  -0.1820   9.3486   9.3486  50.0000   1.0000
  -0.1784   9.3737   9.3737  50.0000   1.0000
  -0.1748   9.3984   9.3984  50.0000   1.0000
  -0.1712   9.4226   9.4226  50.0000   1.0000
  -0.1676   9.4463   9.4463  50.0000   1.0000
  -0.1640   9.4695   9.4695  50.0000   1.0000
  -0.1604   9.4923   9.4923  50.0000   1.0000
  -0.1568   9.5146   9.5146  50.0000   1.0000
  -0.1532   9.5364   9.5364  50.0000   1.0000
  -0.1495   9.5577   9.5577  50.0000   1.0000
  -0.1459   9.5785   9.5785  50.0000   1.0000
  -0.1423   9.5989   9.5989  50.0000   1.0000
  -0.1387   9.6187   9.6187  50.0000   1.0000
  -0.1351   9.6381   9.6381  50.0000   1.0000
  -0.1315   9.6570   9.6570  50.0000   1.0000
  -0.1279   9.6754   9.6754  50.0000   1.0000
  -0.1243   9.6933   9.6933  50.0000   1.0000
  -0.1207   9.7107   9.7107  50.0000   1.0000
  -0.1171   9.7276   9.7276  50.0000   1.0000
  -0.1135   9.7440   9.7440  50.0000   1.0000
  -0.1099   9.7599   9.7599  50.0000   1.0000
  -0.1063   9.7753   9.7753  50.0000   1.0000
  -0.1027   9.7902   9.7902  50.0000   1.0000
  -0.0991   9.8046   9.8046  50.0000   1.0000
  -0.0955   9.8184   9.8184  50.0000   1.0000
  -0.0919   9.8318   9.8318  50.0000   1.0000
  -0.0883   9.8447   9.8447  50.0000   1.0000
  -0.0847   9.8571   9.8571  50.0000   1.0000
  -0.0811   9.8689   9.8689  50.0000   1.0000
  -0.0775   9.8803   9.8803  50.0000   1.0000
  -0.0739   9.8912   9.8912  50.0000   1.0000
  -0.0703   9.9015   9.9015  50.0000   1.0000
  -0.0667   9.9113   9.9113  50.0000   1.0000
  -0.0631   9.9206   9.9206  50.0000   1.0000
  -0.0595   9.9294   9.9294  50.0000   1.0000
  -0.0559   9.9377   9.9377  50.0000   1.0000
  -0.0523   9.9455   9.9455  50.0000   1.0000
  -0.0486   9.9527   9.9527  50.0000   1.0000
  -0.0450   9.9595   9.9595  50.0000   1.0000
  -0.0414   9.9657   9.9657  50.0000   1.0000
  -0.0378   9.9714   9.9714  50.0000   1.0000
  -0.0342   9.9766   9.9766  50.0000   1.0000
  -0.0306   9.9812   9.9812  50.0000   1.0000
  -0.0270   9.9854   9.9854  50.0000   1.0000
  -0.0234   9.9890   9.9890  50.0000   1.0000
  -0.0198   9.9921   9.9921  50.0000   1.0000
  -0.0162   9.9947   9.9947  50.0000   1.0000
  -0.0126   9.9968   9.9968  50.0000   1.0000
  -0.0090   9.9984   9.9984  50.0000   1.0000
  -0.0054   9.9994   9.9994  50.0000   1.0000
  -0.0018   9.9999   9.9999  50.0000   1.0000
   0.0018   9.9999   9.9999  50.0000   1.0000
   0.0054   9.9994   9.9994  50.0000   1.0000
   0.0090   9.9984   9.9984  50.0000   1.0000
   0.0126   9.9968   9.9968  50.0000   1.0000
   0.0162   9.9947   9.9947  50.0000   1.0000
   0.0198   9.9921   9.9921  50.0000   1.0000
   0.0234   9.9890   9.9890  50.0000   1.0000
   0.0270   9.9854   9.9854  50.0000   1.0000
   0.0306   9.9812   9.9812  50.0000   1.0000
   0.0342   9.9766   9.9766  50.0000   1.0000
   0.0378   9.9714   9.9714  50.0000   1.0000
   0.0414   9.9657   9.9657  50.0000   1.0000
   0.0450   9.9595   9.9595  50.0000   1.0000
   0.0486   9.9527   9.9527  50.0000   1.0000
   0.0523   9.9455   9.9455  50.0000   1.0000
   0.0559   9.9377   9.9377  50.0000   1.0000
   0.0595   9.9294   9.9294  50.0000   1.0000
   0.0631   9.9206   9.9206  50.0000   1.0000
   0.0667   9.9113   9.9113  50.0000   1.0000
   0.0703   9.9015   9.9015  50.0000   1.0000
   0.0739   9.8912   9.8912  50.0000   1.0000
   0.0775   9.8803   9.8803  50.0000   1.0000
   0.0811   9.8689   9.8689  50.0000   1.0000
   0.0847   9.8571   9.8571  50.0000   1.0000
   0.0883   9.8447   9.8447  50.0000   1.0000
   0.0919   9.8318   9.8318  50.0000   1.0000
   0.0955   9.8184   9.8184  50.0000   1.0000
   0.0991   9.8046   9.8046  50.0000   1.0000
   0.1027   9.7902   9.7902  50.0000   1.0000
   0.1063   9.7753   9.7753  50.0000   1.0000
   0.1099   9.7599   9.7599  50.0000   1.0000
   0.1135   9.7440   9.7440  50.0000   1.0000
   0.1171   9.7276   9.7276  50.0000   1.0000
   0.1207   9.7107   9.7107  50.0000   1.0000
   0.1243   9.6933   9.6933  50.0000   1.0000
   0.1279   9.6754   9.6754  50.0000   1.0000
   0.1315   9.6570   9.6570  50.0000   1.0000
   0.1351   9.6381   9.6381  50.0000   1.0000
   0.1387   9.6187   9.6187  50.0000   1.0000
   0.1423   9.5989   9.5989  50.0000   1.0000
   0.1459   9.5785   9.5785  50.0000   1.0000
   0.1495   9.5577   9.5577  50.0000   1.0000
   0.1532   9.5364   9.5364  50.0000   1.0000
   0.1568   9.5146   9.5146  50.0000   1.0000
   0.1604   9.4923   9.4923  50.0000   1.0000
   0.1640   9.4695   9.4695  50.0000   1.0000
   0.1676   9.4463   9.4463  50.0000   1.0000
   0.1712   9.4226   9.4226  50.0000   1.0000
   0.1748   9.3984   9.3984  50.0000   1.0000
   0.1784   9.3737   9.3737  50.0000   1.0000
   0.1820   9.3486   9.3486  50.0000   1.0000
   0.1856   9.3230   9.3230  50.0000   1.0000
   0.1892   9.2970   9.2970  50.0000   1.0000
   0.1928   9.2704   9.2704  50.0000   1.0000
   0.1964   9.2434   9.2434  50.0000   1.0000
   0.2000   9.2160   9.2160  50.0000   1.0000
   0.2036   9.1881   9.1881  50.0000   1.0000
   0.2072   9.1597   9.1597  50.0000   1.0000
   0.2108   9.1309   9.1309  50.0000   1.0000
   0.2144   9.1017   9.1017  50.0000   1.0000
   0.2180   9.0720   9.0720  50.0000   1.0000
   0.2216   9.0418   9.0418  50.0000   1.0000
   0.2252   9.0112   9.0112  50.0000   1.0000
   0.2288   8.9802   8.9802  50.0000   1.0000
   0.2324   8.9487   8.9487  50.0000   1.0000
   0.2360   8.9168   8.9168  50.0000   1.0000
   0.2396   8.8844   8.8844  50.0000   1.0000
   0.2432   8.8517   8.8517  50.0000   1.0000
   0.2468   8.8185   8.8185  50.0000   1.0000
   0.2505   8.7848   8.7848  50.0000   1.0000
   0.2541   8.7508   8.7508  50.0000   1.0000
   0.2577   8.7163   8.7163  50.0000   1.0000
   0.2613   8.6814   8.6814  50.0000   1.0000
   0.2649   8.6461   8.6461  50.0000   1.0000
   0.2685   8.6104   8.6104  50.0000   1.0000
   0.2721   8.5743   8.5743  50.0000   1.0000
   0.2757   8.5378   8.5378  50.0000   1.0000
   0.2793   8.5009   8.5009  50.0000   1.0000
   0.2829   8.4636   8.4636  50.0000   1.0000
   0.2865   8.4259   8.4259  50.0000   1.0000
   0.2901   8.3878   8.3878  50.0000   1.0000
   0.2937   8.3493   8.3493  50.0000   1.0000
   0.2973   8.3104   8.3104  50.0000   1.0000
   0.3009   8.2712   8.2712  50.0000   1.0000
   0.3045   8.2315   8.2315  50.0000   1.0000
   0.3081   8.1915   8.1915  50.0000   1.0000
   0.3117   8.1511   8.1511  50.0000   1.0000
   0.3153   8.1104   8.1104  50.0000   1.0000
   0.3189   8.0693   8.0693  50.0000   1.0000
   0.3225   8.0278   8.0278  50.0000   1.0000
   0.3261   7.9860   7.9860  50.0000   1.0000
   0.3297   7.9438   7.9438  50.0000   1.0000
   0.3333   7.9012   7.9012  50.0000   1.0000
   0.3369   7.8584   7.8584  50.0000   1.0000
   0.3405   7.8151   7.8151  50.0000   1.0000
   0.3441   7.7716   7.7716  50.0000   1.0000
   0.3477   7.7277   7.7277  50.0000   1.0000
   0.3514   7.6834   7.6834  50.0000   1.0000
   0.3550   7.6389   7.6389  50.0000   1.0000
   0.3586   7.5940   7.5940  50.0000   1.0000
   0.3622   7.5488   7.5488  50.0000   1.0000
   0.3658   7.5033   7.5033  50.0000   1.0000
   0.3694   7.4575   7.4575  50.0000   1.0000
   0.3730   7.4113   7.4113  50.0000   1.0000
   0.3766   7.3649   7.3649  50.0000   1.0000
   0.3802   7.3182   7.3182  50.0000   1.0000
   0.3838   7.2711   7.2711  50.0000   1.0000
   0.3874   7.2238   7.2238  50.0000   1.0000
   0.3910   7.1762   7.1762  50.0000   1.0000
   0.3946   7.1283   7.1283  50.0000   1.0000
   0.3982   7.0802   7.0802  50.0000   1.0000
   0.4018   7.0318   7.0318  50.0000   1.0000
   0.4054   6.9831   6.9831  50.0000   1.0000
   0.4090   6.9341   6.9341  50.0000   1.0000
   0.4126   6.8849   6.8849  50.0000   1.0000
   0.4162   6.8354   6.8354  50.0000   1.0000
   0.4198   6.7857   6.7857  50.0000   1.0000
   0.4234   6.7357   6.7357  50.0000   1.0000
   0.4270   6.6855   6.6855  50.0000   1.0000
   0.4306   6.6350   6.6350  50.0000   1.0000
   0.4342   6.5844   6.5844  50.0000   1.0000
   0.4378   6.5335   6.5335  50.0000   1.0000
   0.4414   6.4823   6.4823  50.0000   1.0000
   0.4450   6.4310   6.4310  50.0000   1.0000
   0.4486   6.3794   6.3794  50.0000   1.0000
   0.4523   6.3277   6.3277  50.0000   1.0000
   0.4559   6.2757   6.2757  50.0000   1.0000
   0.4595   6.2236   6.2236  50.0000   1.0000
   0.4631   6.1712   6.1712  50.0000   1.0000
   0.4667   6.1187   6.1187  50.0000   1.0000
   0.4703   6.0660   6.0660  50.0000   1.0000
   0.4739   6.0131   6.0131  50.0000   1.0000
   0.4775   5.9601   5.9601  50.0000   1.0000
   0.4811   5.9069   5.9069  50.0000   1.0000
   0.4847   5.8535   5.8535  50.0000   1.0000
   0.4883   5.8000   5.8000  50.0000   1.0000
   0.4919   5.7463   5.7463  50.0000   1.0000
   0.4955   5.6925   5.6925  50.0000   1.0000
   0.4991   5.6385   5.6385  50.0000   1.0000
   0.5027   5.5844   5.5844  50.0000   1.0000
   0.5063   5.5302   5.5302  50.0000   1.0000
   0.5099   5.4759   5.4759  50.0000   1.0000
   0.5135   5.4214   5.4214  50.0000   1.0000
   0.5171   5.3669   5.3669  50.0000   1.0000
   0.5207   5.3122   5.3122  50.0000   1.0000
   0.5243   5.2575   5.2575  50.0000   1.0000
   0.5279   5.2026   5.2026  50.0000   1.0000
   0.5315   5.1477   5.1477  50.0000   1.0000
   0.5351   5.0927   5.0927  50.0000   1.0000
   0.5387   5.0376   5.0376  50.0000   1.0000
   0.5423   4.9825   4.9825  50.0000   1.0000
   0.5459   4.9272   4.9272  50.0000   1.0000
   0.5495   4.8720   4.8720  50.0000   1.0000
   0.5532   4.8167   4.8167  50.0000   1.0000
   0.5568   4.7613   4.7613  50.0000   1.0000
   0.5604   4.7059   4.7059  50.0000   1.0000
   0.5640   4.6505   4.6505  50.0000   1.0000
   0.5676   4.5950   4.5950  50.0000   1.0000
   0.5712   4.5396   4.5396  50.0000   1.0000
   0.5748   4.4841   4.4841  50.0000   1.0000
   0.5784   4.4286   4.4286  50.0000   1.0000
   0.5820   4.3731   4.3731  50.0000   1.0000
   0.5856   4.3177   4.3177  50.0000   1.0000
   0.5892   4.2622   4.2622  50.0000   1.0000
   0.5928   4.2068   4.2068  50.0000   1.0000
   0.5964   4.1514   4.1514  50.0000   1.0000
   0.6000   4.0960   4.0960  50.0000   1.0000
   0.6036   4.0407   4.0407  50.0000   1.0000
   0.6072   3.9854   3.9854  50.0000   1.0000
   0.6108   3.9302   3.9302  50.0000   1.0000
   0.6144   3.8750   3.8750  50.0000   1.0000
   0.6180   3.8199   3.8199  50.0000   1.0000
   0.6216   3.7649   3.7649  50.0000   1.0000
   0.6252   3.7099   3.7099  50.0000   1.0000
   0.6288   3.6551   3.6551  50.0000   1.0000
   0.6324   3.6004   3.6004  50.0000   1.0000
   0.6360   3.5457   3.5457  50.0000   1.0000
   0.6396   3.4912   3.4912  50.0000   1.0000
   0.6432   3.4368   3.4368  50.0000   1.0000
   0.6468   3.3825   3.3825  50.0000   1.0000
   0.6505   3.3283   3.3283  50.0000   1.0000
   0.6541   3.2743   3.2743  50.0000   1.0000
   0.6577   3.2204   3.2204  50.0000   1.0000
   0.6613   3.1667   3.1667  50.0000   1.0000
   0.6649   3.1131   3.1131  50.0000   1.0000
   0.6685   3.0597   3.0597  50.0000   1.0000
   0.6721   3.0065   3.0065  50.0000   1.0000
   0.6757   2.9535   2.9535  50.0000   1.0000
   0.6793   2.9007   2.9007  50.0000   1.0000
   0.6829   2.8480   2.8480  50.0000   1.0000
   0.6865   2.7956   2.7956  50.0000   1.0000
   0.6901   2.7434   2.7434  50.0000   1.0000
   0.6937   2.6914   2.6914  50.0000   1.0000
   0.6973   2.6397   2.6397  50.0000   1.0000
   0.7009   2.5881   2.5881  50.0000   1.0000
   0.7045   2.5369   2.5369  50.0000   1.0000
   0.7081   2.4858   2.4858  50.0000   1.0000
   0.7117   2.4351   2.4351  50.0000   1.0000
   0.7153   2.3846   2.3846  50.0000   1.0000
   0.7189   2.3344   2.3344  50.0000   1.0000
   0.7225   2.2845   2.2845  50.0000   1.0000
   0.7261   2.2348   2.2348  50.0000   1.0000
   0.7297   2.1855   2.1855  50.0000   1.0000
   0.7333   2.1365   2.1365  50.0000   1.0000
   0.7369   2.0878   2.0878  50.0000   1.0000
   0.7405   2.0394   2.0394  50.0000   1.0000
   0.7441   1.9914   1.9914  50.0000   1.0000
   0.7477   1.9437   1.9437  50.0000   1.0000
   0.7514   1.8964   1.8964  50.0000   1.0000
   0.7550   1.8494   1.8494  50.0000   1.0000
   0.7586   1.8028   1.8028  50.0000   1.0000
   0.7622   1.7565   1.7565  50.0000   1.0000
   0.7658   1.7107   1.7107  50.0000   1.0000
   0.7694   1.6652   1.6652  50.0000   1.0000
   0.7730   1.6202   1.6202  50.0000   1.0000
   0.7766   1.5755   1.5755  50.0000   1.0000
   0.7802   1.5313   1.5313  50.0000   1.0000
   0.7838   1.4875   1.4875  50.0000   1.0000
   0.7874   1.4442   1.4442  50.0000   1.0000
   0.7910   1.4013   1.4013  50.0000   1.0000
   0.7946   1.3588   1.3588  50.0000   1.0000
   0.7982   1.3168   1.3168  50.0000   1.0000
   0.8018   1.2753   1.2753  50.0000   1.0000
   0.8054   1.2343   1.2343  50.0000   1.0000
   0.8090   1.1937   1.1937  50.0000   1.0000
   0.8126   1.1537   1.1537  50.0000   1.0000
   0.8162   1.1142   1.1142  50.0000   1.0000
   0.8198   1.0752   1.0752  50.0000   1.0000
   0.8234   1.0367   1.0367  50.0000   1.0000
   0.8270   0.9987   0.9987  50.0000   1.0000
   0.8306   0.9613   0.9613  50.0000   1.0000
   0.8342   0.9245   0.9245  50.0000   1.0000
   0.8378   0.8882   0.8882  50.0000   1.0000
   0.8414   0.8525   0.8525  50.0000   1.0000
   0.8450   0.8174   0.8174  50.0000   1.0000
   0.8486   0.7829   0.7829  50.0000   1.0000
   0.8523   0.7489   0.7489  50.0000   1.0000
   0.8559   0.7156   0.7156  50.0000   1.0000
   0.8595   0.6829   0.6829  50.0000   1.0000
   0.8631   0.6509   0.6509  50.0000   1.0000
   0.8667   0.6195   0.6195  50.0000   1.0000
   0.8703   0.5887   0.5887  50.0000   1.0000
   0.8739   0.5586   0.5586  50.0000   1.0000
   0.8775   0.5292   0.5292  50.0000   1.0000
   0.8811   0.5004   0.5004  50.0000   1.0000
   0.8847   0.4723   0.4723  50.0000   1.0000
   0.8883   0.4450   0.4450  50.0000   1.0000
   0.8919   0.4183   0.4183  50.0000   1.0000
   0.8955   0.3924   0.3924  50.0000   1.0000
   0.8991   0.3672   0.3672  50.0000   1.0000
   0.9027   0.3427   0.3427  50.0000   1.0000
   0.9063   0.3190   0.3190  50.0000   1.0000
   0.9099   0.2961   0.2961  50.0000   1.0000
   0.9135   0.2739   0.2739  50.0000   1.0000
   0.9171   0.2525   0.2525  50.0000   1.0000
   0.9207   0.2319   0.2319  50.0000   1.0000
   0.9243   0.2121   0.2121  50.0000   1.0000
   0.9279   0.1931   0.1931  50.0000   1.0000
   0.9315   0.1749   0.1749  50.0000   1.0000
   0.9351   0.1576   0.1576  50.0000   1.0000
   0.9387   0.1411   0.1411  50.0000   1.0000
   0.9423   0.1254   0.1254  50.0000   1.0000
   0.9459   0.1106   0.1106  50.0000   1.0000
   0.9495   0.0967   0.0967  50.0000   1.0000
   0.9532   0.0837   0.0837  50.0000   1.0000
   0.9568   0.0716   0.0716  50.0000   1.0000
   0.9604   0.0604   0.0604  50.0000   1.0000
   0.9640   0.0501   0.0501  50.0000   1.0000
   0.9676   0.0407   0.0407  50.0000   1.0000
   0.9712   0.0323   0.0323  50.0000   1.0000
   0.9748   0.0248   0.0248  50.0000   1.0000
   0.9784   0.0183   0.0183  50.0000   1.0000
   0.9820   0.0128   0.0128  50.0000   1.0000
   0.9856   0.0082   0.0082  50.0000   1.0000
   0.9892   0.0046   0.0046  50.0000   1.0000
   0.9928   0.0021   0.0021  50.0000   1.0000
   0.9964   0.0005   0.0005  50.0000   1.0000
   1.0000   0.0000   0.0000  50.0000   1.0000
   1.0036   0.0005   0.0005  50.0000   1.0000
   1.0072   0.0021   0.0021  50.0000   1.0000
   1.0108   0.0047   0.0047  50.0000   1.0000
   1.0144   0.0084   0.0084  50.0000   1.0000
   1.0180   0.0132   0.0132  50.0000   1.0000
   1.0216   0.0191   0.0191  50.0000   1.0000
   1.0252   0.0261   0.0261  50.0000   1.0000
   1.0288   0.0342   0.0342  50.0000   1.0000
   1.0324   0.0435   0.0435  50.0000   1.0000
   1.0360   0.0538   0.0538  50.0000   1.0000
   1.0396   0.0654   0.0654  50.0000   1.0000
   1.0432   0.0781   0.0781  50.0000   1.0000
   1.0468   0.0919   0.0919  50.0000   1.0000
   1.0505   0.1070   0.1070  50.0000   1.0000
   1.0541   0.1233   0.1233  50.0000   1.0000
   1.0577   0.1408   0.1408  50.0000   1.0000
   1.0613   0.1595   0.1595  50.0000   1.0000
   1.0649   0.1794   0.1794  50.0000   1.0000
   1.0685   0.2006   0.2006  50.0000   1.0000
   1.0721   0.2230   0.2230  50.0000   1.0000
   1.0757   0.2467   0.2467  50.0000   1.0000
   1.0793   0.2717   0.2717  50.0000   1.0000
   1.0829   0.2980   0.2980  50.0000   1.0000
   1.0865   0.3256   0.3256  50.0000   1.0000
   1.0901   0.3546   0.3546  50.0000   1.0000
   1.0937   0.3848   0.3848  50.0000   1.0000
   1.0973   0.4164   0.4164  50.0000   1.0000
   1.1009   0.4494   0.4494  50.0000   1.0000
   1.1045   0.4837   0.4837  50.0000   1.0000
   1.1081   0.5194   0.5194  50.0000   1.0000
   1.1117   0.5565   0.5565  50.0000   1.0000
   1.1153   0.5950   0.5950  50.0000   1.0000
   1.1189   0.6349   0.6349  50.0000   1.0000
   1.1225   0.6763   0.6763  50.0000   1.0000
   1.1261   0.7191   0.7191  50.0000   1.0000
   1.1297   0.7634   0.7634  50.0000   1.0000
   1.1333   0.8091   0.8091  50.0000   1.0000
   1.1369   0.8563   0.8563  50.0000   1.0000
   1.1405   0.9050   0.9050  50.0000   1.0000
   1.1441   0.9552   0.9552  50.0000   1.0000
   1.1477   1.0070   1.0070  50.0000   1.0000
   1.1514   1.0602   1.0602  50.0000   1.0000
   1.1550   1.1150   1.1150  50.0000   1.0000
   1.1586   1.1714   1.1714  50.0000   1.0000
   1.1622   1.2294   1.2294  50.0000   1.0000
   1.1658   1.2889   1.2889  50.0000   1.0000
   1.1694   1.3500   1.3500  50.0000   1.0000
   1.1730   1.4127   1.4127  50.0000   1.0000
   1.1766   1.4771   1.4771  50.0000   1.0000
   1.1802   1.5431   1.5431  50.0000   1.0000
   1.1838   1.6108   1.6108  50.0000   1.0000
   1.1874   1.6801   1.6801  50.0000   1.0000
   1.1910   1.7511   1.7511  50.0000   1.0000
   1.1946   1.8238   1.8238  50.0000   1.0000
   1.1982   1.8982   1.8982  50.0000   1.0000
   1.2018   1.9743   1.9743  50.0000   1.0000
   1.2054   2.0521   2.0521  50.0000   1.0000
   1.2090   2.1317   2.1317  50.0000   1.0000
   1.2126   2.2130   2.2130  50.0000   1.0000
   1.2162   2.2962   2.2962  50.0000   1.0000
   1.2198   2.3811   2.3811  50.0000   1.0000
   1.2234   2.4678   2.4678  50.0000   1.0000
   1.2270   2.5563   2.5563  50.0000   1.0000
   1.2306   2.6466   2.6466  50.0000   1.0000
   1.2342   2.7388   2.7388  50.0000   1.0000
   1.2378   2.8328   2.8328  50.0000   1.0000
   1.2414   2.9287   2.9287  50.0000   1.0000
   1.2450   3.0265   3.0265  50.0000   1.0000
   1.2486   3.1262   3.1262  50.0000   1.0000
   1.2523   3.2278   3.2278  50.0000   1.0000
   1.2559   3.3313   3.3313  50.0000   1.0000
   1.2595   3.4368   3.4368  50.0000   1.0000
   1.2631   3.5442   3.5442  50.0000   1.0000
   1.2667   3.6535   3.6535  50.0000   1.0000
   1.2703   3.7649   3.7649  50.0000   1.0000
   1.2739   3.8782   3.8782  50.0000   1.0000
   1.2775   3.9936   3.9936  50.0000   1.0000
   1.2811   4.1110   4.1110  50.0000   1.0000
   1.2847   4.2304   4.2304  50.0000   1.0000
   1.2883   4.3519   4.3519  50.0000   1.0000
   1.2919   4.4754   4.4754  50.0000   1.0000
   1.2955   4.6010   4.6010  50.0000   1.0000
   1.2991   4.7287   4.7287  50.0000   1.0000
   1.3027   4.8586   4.8586  50.0000   1.0000
   1.3063   4.9905   4.9905  50.0000   1.0000
   1.3099   5.1246   5.1246  50.0000   1.0000
   1.3135   5.2609   5.2609  50.0000   1.0000
   1.3171   5.3993   5.3993  50.0000   1.0000
   1.3207   5.5399   5.5399  50.0000   1.0000
   1.3243   5.6827   5.6827  50.0000   1.0000
   1.3279   5.8277   5.8277  50.0000   1.0000
   1.3315   5.9749   5.9749  50.0000   1.0000
   1.3351   6.1244   6.1244  50.0000   1.0000
   1.3387   6.2761   6.2761  50.0000   1.0000
   1.3423   6.4302   6.4302  50.0000   1.0000
   1.3459   6.5865   6.5865  50.0000   1.0000
   1.3495   6.7451   6.7451  50.0000   1.0000
   1.3532   6.9060   6.9060  50.0000   1.0000
   1.3568   7.0693   7.0693  50.0000   1.0000
   1.3604   7.2349   7.2349  50.0000   1.0000
   1.3640   7.4028   7.4028  50.0000   1.0000
   1.3676   7.5732   7.5732  50.0000   1.0000
   1.3712   7.7459   7.7459  50.0000   1.0000
   1.3748   7.9211   7.9211  50.0000   1.0000
   1.3784   8.0987   8.0987  50.0000   1.0000
   1.3820   8.2787   8.2787  50.0000   1.0000
   1.3856   8.4612   8.4612  50.0000   1.0000
   1.3892   8.6461   8.6461  50.0000   1.0000
   1.3928   8.8336   8.8336  50.0000   1.0000
   1.3964   9.0235   9.0235  50.0000   1.0000
   1.4000   9.2160   9.2160  50.0000   1.0000
   1.4036   9.4110   9.4110  50.0000   1.0000
   1.4072   9.6086   9.6086  50.0000   1.0000
   1.4108   9.8087   9.8087  50.0000   1.0000
   1.4144  10.0114  10.0114  50.0000   1.0000
   1.4180  10.2167  10.2167  50.0000   1.0000
   1.4216  10.4246  10.4246  50.0000   1.0000
   1.4252  10.6351  10.6351  50.0000   1.0000
   1.4288  10.8483  10.8483  50.0000   1.0000
   1.4324  11.0642  11.0642  50.0000   1.0000
   1.4360  11.2827  11.2827  50.0000   1.0000
   1.4396  11.5039  11.5039  50.0000   1.0000
   1.4432  11.7278  11.7278  50.0000   1.0000
   1.4468  11.9545  11.9545  50.0000   1.0000
   1.4505  12.1839  12.1839  50.0000   1.0000
   1.4541  12.4160  12.4160  50.0000   1.0000
   1.4577  12.6510  12.6510  50.0000   1.0000
   1.4613  12.8887  12.8887  50.0000   1.0000
   1.4649  13.1292  13.1292  50.0000   1.0000
   1.4685  13.3726  13.3726  50.0000   1.0000
   1.4721  13.6188  13.6188  50.0000   1.0000
   1.4757  13.8679  13.8679  50.0000   1.0000
   1.4793  14.1198  14.1198  50.0000   1.0000
   1.4829  14.3746  14.3746  50.0000   1.0000
   1.4865  14.6323  14.6323  50.0000   1.0000
   1.4901  14.8930  14.8930  50.0000   1.0000
   1.4937  15.1566  15.1566  50.0000   1.0000
   1.4973  15.4231  15.4231  50.0000   1.0000
   1.5009  15.6927  15.6927  50.0000   1.0000
   1.5045  15.9652  15.9652  50.0000   1.0000
   1.5081  16.2407  16.2407  50.0000   1.0000
   1.5117  16.5192  16.5192  50.0000   1.0000
   1.5153  16.8008  16.8008  50.0000   1.0000
   1.5189  17.0855  17.0855  50.0000   1.0000
   1.5225  17.3732  17.3732  50.0000   1.0000
   1.5261  17.6640  17.6640  50.0000   1.0000
   1.5297  17.9580  17.9580  50.0000   1.0000
   1.5333  18.2550  18.2550  50.0000   1.0000
   1.5369  18.5552  18.5552  50.0000   1.0000
   1.5405  18.8586  18.8586  50.0000   1.0000
   1.5441  19.1651  19.1651  50.0000   1.0000
   1.5477  19.4748  19.4748  50.0000   1.0000
   1.5514  19.7878  19.7878  50.0000   1.0000
   1.5550  20.1040  20.1040  50.0000   1.0000
   1.5586  20.4234  20.4234  50.0000   1.0000
   1.5622  20.7461  20.7461  50.0000   1.0000
   1.5658  21.0721  21.0721  50.0000   1.0000
   1.5694  21.4014  21.4014  50.0000   1.0000
   1.5730  21.7340  21.7340  50.0000   1.0000
   1.5766  22.0699  22.0699  50.0000   1.0000
   1.5802  22.4092  22.4092  50.0000   1.0000
   1.5838  22.7518  22.7518  50.0000   1.0000
   1.5874  23.0979  23.0979  50.0000   1.0000
   1.5910  23.4473  23.4473  50.0000   1.0000
   1.5946  23.8002  23.8002  50.0000   1.0000
   1.5982  24.1565  24.1565  50.0000   1.0000
   1.6018  24.5163  24.5163  50.0000   1.0000
   1.6054  24.8796  24.8796  50.0000   1.0000
   1.6090  25.2463  25.2463  50.0000   1.0000
   1.6126  25.6166  25.6166  50.0000   1.0000
   1.6162  25.9904  25.9904  50.0000   1.0000
   1.6198  26.3678  26.3678  50.0000   1.0000
   1.6234  26.7487  26.7487  50.0000   1.0000
   1.6270  27.1332  27.1332  50.0000   1.0000
   1.6306  27.5214  27.5214  50.0000   1.0000
   1.6342  27.9131  27.9131  50.0000   1.0000
   1.6378  28.3085  28.3085  50.0000   1.0000
   1.6414  28.7075  28.7075  50.0000   1.0000
   1.6450  29.1103  29.1103  50.0000   1.0000
   1.6486  29.5167  29.5167  50.0000   1.0000
   1.6523  29.9268  29.9268  50.0000   1.0000
   1.6559  30.3407  30.3407  50.0000   1.0000
   1.6595  30.7583  30.7583  50.0000   1.0000
   1.6631  31.1797  31.1797  50.0000   1.0000
   1.6667  31.6049  31.6049  50.0000   1.0000
   1.6703  32.0339  32.0339  50.0000   1.0000
   1.6739  32.4668  32.4668  50.0000   1.0000
   1.6775  32.9034  32.9034  50.0000   1.0000
   1.6811  33.3440  33.3440  50.0000   1.0000
   1.6847  33.7884  33.7884  50.0000   1.0000
   1.6883  34.2367  34.2367  50.0000   1.0000
   1.6919  34.6890  34.6890  50.0000   1.0000
   1.6955  35.1452  35.1452  50.0000   1.0000
   1.6991  35.6053  35.6053  50.0000   1.0000
   1.7027  36.0695  36.0695  50.0000   1.0000
   1.7063  36.5376  36.5376  50.0000   1.0000
   1.7099  37.0098  37.0098  50.0000   1.0000
   1.7135  37.4859  37.4859  50.0000   1.0000
   1.7171  37.9662  37.9662  50.0000   1.0000
   1.7207  38.4505  38.4505  50.0000   1.0000
   1.7243  38.9389  38.9389  50.0000   1.0000
   1.7279  39.4314  39.4314  50.0000   1.0000
   1.7315  39.9281  39.9281  50.0000   1.0000
   1.7351  40.4289  40.4289  50.0000   1.0000
   1.7387  40.9339  40.9339  50.0000   1.0000
   1.7423  41.4431  41.4431  50.0000   1.0000
   1.7459  41.9564  41.9564  50.0000   1.0000
   1.7495  42.4741  42.4741  50.0000   1.0000
   1.7532  42.9959  42.9959  50.0000   1.0000
   1.7568  43.5221  43.5221  50.0000   1.0000
   1.7604  44.0525  44.0525  50.0000   1.0000
   1.7640  44.5872  44.5872  50.0000   1.0000
   1.7676  45.1263  45.1263  50.0000   1.0000
   1.7712  45.6697  45.6697  50.0000   1.0000
   1.7748  46.2175  46.2175  50.0000   1.0000
   1.7784  46.7697  46.7697  50.0000   1.0000
   1.7820  47.3263  47.3263  50.0000   1.0000
   1.7856  47.8873  47.8873  50.0000   1.0000
   1.7892  48.4527  48.4527  50.0000   1.0000
   1.7928  49.0227  49.0227  50.0000   1.0000
   1.7964  49.5971  49.5971  50.0000   1.0000
   1.8000  50.1760  50.1760  50.0000   1.0000
